1 3.546345
2 1.397581
3 1.210942
4 1.590642
5 2.797064
6 1.113019
7 1.119922
8 1.120212
9 1.759216
10 1.754548
11 1.355022
12 1.755840
13 1.801275
14 2.053897
15 2.687060
16 1.231681
17 1.907494
18 2.028379
19 1.357997
20 1.792759
21 1.346335
22 1.129240
23 1.346635
24 1.786807
25 1.521342
26 1.290892
27 1.490154
28 1.226912
29 1.474635
30 1.414803
31 1.476598
32 2.030744
33 1.473793
34 1.470316
35 1.475908
36 1.556457
37 1.489503
38 1.476218
39 1.474274
40 1.475316
41 1.483892
42 1.349972
43 1.360842
44 1.358347
45 1.359470
46 1.364680
47 1.694906
48 2.082991
49 1.874291
50 1.712940
51 2.431943
52 1.476337
53 2.226158
54 2.229375
55 2.534234
56 1.558341
57 1.697260
58 1.597484
59 1.579480
60 1.586503
61 1.599338
62 1.597314
63 1.634223
64 1.366934
65 2.220959
66 2.077581
67 1.835038
68 1.838805
69 1.820911
70 1.812746
71 1.808379
72 1.945033
73 1.823527
74 1.828656
75 1.882698
76 1.829228
77 1.823617
78 1.817034
79 1.821833
80 1.876836
81 1.821723
82 1.821553
83 2.049899
84 1.843834
85 2.048677
86 2.049459
87 2.058455
88 1.822134
89 2.047595
90 2.058245
91 2.163512
92 3.146217
93 2.609916
94 2.475184
95 2.225948
96 1.969930
97 2.235095
98 2.391788
99 2.283726
100 2.035332
101 2.279298
102 2.276643
103 2.271423
104 2.045441
105 2.280760
106 2.315305
107 2.269089
108 2.260984
109 2.281502
110 2.278476
111 2.274018
112 2.047264
113 2.542890
114 2.287043
115 2.534224
116 2.290529
117 2.518675
118 2.512694
119 2.520848
120 2.336775
121 2.518004
122 2.520829
123 2.512534
124 2.521230
125 2.519807
126 2.514388
127 2.561806
128 2.289698
129 2.515459
130 2.521460
131 2.751560
132 2.511933
133 2.805040
134 2.760156
135 2.757872
136 2.509638
137 2.746230
138 2.757050
139 2.796714
140 2.751831
141 2.754996
142 2.745639
143 2.736261
144 2.538211
145 2.764945
146 2.749807
147 2.978373
148 2.745870
149 2.971962
150 2.961252
151 2.995496
152 2.775535
153 2.971441
154 2.991127
155 2.965129
156 2.957735
157 2.993071
158 2.961522
159 2.971371
160 2.725632
161 2.982231
162 2.966381
163 3.258827
164 2.968916
165 3.199527
166 3.184840
167 3.195479
168 3.013580
169 3.224673
170 3.206410
171 3.206941
172 3.208233
173 3.443483
174 3.205798
175 3.197243
176 2.969657
177 3.211910
178 3.476674
179 3.419819
180 3.195489
181 3.426901
182 3.417224
183 3.644048
184 3.212892
185 3.433795
186 3.433964
187 3.427964
188 3.614652
189 3.417845
190 3.422774
191 3.410652
192 3.186973
193 3.462989
194 3.426040
195 3.658134
196 3.428504
197 3.670417
198 3.695474
199 3.659857
200 3.430679
201 3.647814
202 3.679444
203 3.688841
204 3.667452
205 3.650630
206 3.659806
207 3.725479
208 3.413997
209 3.647714
210 3.638578
211 3.912308
212 3.664054
213 3.896469
214 3.893112
215 3.895126
216 3.694341
217 3.884837
218 3.886901
219 3.892922
220 3.903632
221 3.959837
222 3.887993
223 3.888103
224 3.661359
225 3.905956
226 3.890198
227 4.123282
228 3.900798
229 4.120357
230 4.117772
231 4.132741
232 3.889606
233 4.133532
234 4.108625
235 4.117702
236 4.106912
237 4.178135
238 4.116970
239 4.121138
240 3.897100
241 4.757807
242 4.509834
243 4.084610
244 4.170300
245 4.085582
246 4.098256
247 4.095731
248 4.113484
249 4.104858
250 4.103396
251 4.101352
252 4.125066
253 4.121960
254 4.095430
255 4.093718
256 4.102243
257 13.343928
258 13.425890
259 13.276591
260 13.285238
261 13.315033
262 13.281710
263 13.632255
264 13.373543
265 13.596188
266 14.227057
267 14.032644
268 13.084493
269 13.846176
270 13.724207
271 13.847398
272 13.424177
273 13.733295
274 13.737653
275 13.949178
276 13.737353
277 13.925323
278 13.949779
279 15.384499
280 14.091053
281 14.107214
282 14.140706
283 14.269416
284 14.164310
285 14.246864
286 14.248517
287 14.196530
288 14.067929
289 14.164821
290 14.171303
291 14.449843
292 14.181162
293 14.720779
294 14.578784
295 14.365626
296 14.491851
297 14.523721
298 14.515836
299 14.816959
300 15.896626
301 14.434264
302 14.460823
303 14.924179
304 14.495538
305 15.023675
306 14.912829
307 14.943736
308 14.958223
309 14.701604
310 14.686284
311 15.023345
312 14.891638
313 14.798084
314 14.802903
315 15.086262
316 14.789457
317 14.993419
318 14.995632
319 15.133440
320 15.117450
321 15.865678
322 15.162425
323 15.174527
324 15.263262
325 15.149410
326 15.176501
327 15.354072
328 15.135113
329 15.166953
330 15.202248
331 15.444582
332 15.215404
333 15.464769
334 15.459559
335 15.350556
336 15.294040
337 15.565668
338 15.548796
339 16.069829
340 15.582408
341 16.056454
342 16.018594
343 15.840300
344 15.750092
345 15.899922
346 15.866841
347 15.870517
348 15.865918
349 15.855338
350 15.934467
351 16.557531
352 16.152533
353 16.295341
354 16.278449
355 16.065632
356 16.272278
357 16.090077
358 16.109574
359 16.036347
360 16.123680
361 16.575044
362 16.592496
363 16.457925
364 16.612744
365 16.449879
366 16.451943
367 16.207617
368 16.635185
369 16.753617
370 16.753958
371 17.493549
372 16.791868
373 17.430010
374 17.620766
375 16.806065
376 16.838505
377 16.476830
378 16.538465
379 19.425478
380 17.300478
381 17.164604
382 17.230938
383 17.083493
384 16.941307
385 17.168752
386 17.225979
387 17.235908
388 17.199450
389 17.128377
390 17.137023
391 16.997713
392 17.014474
393 17.191985
394 17.101407
395 17.516191
396 17.227392
397 17.471258
398 17.454266
399 17.318362
400 17.561636
401 17.379325
402 17.377001
403 17.486776
404 17.383163
405 17.506403
406 17.553701
407 18.055328
408 17.572957
409 18.143253
410 18.138814
411 17.834736
412 18.266453
413 17.699814
414 17.771418
415 18.272695
416 17.842591
417 17.946606
418 17.941054
419 18.084122
420 17.946285
421 18.074965
422 18.089963
423 18.530325
424 18.108738
425 18.752551
426 18.704872
427 18.341362
428 18.819145
429 18.341874
430 18.320754
431 18.646143
432 18.414338
433 18.425740
434 18.442622
435 18.428896
436 18.558788
437 18.804318
438 18.496453
439 18.422364
440 18.411194
441 18.636884
442 18.715472
443 18.761127
444 18.642425
445 18.728546
446 18.722094
447 18.746279
448 19.524463
449 19.966208
450 18.981209
451 19.067048
452 18.862256
453 19.087397
454 19.107614
455 19.163959
456 18.706304
457 18.743604
458 18.730961
459 19.557925
460 20.700940
461 19.272392
462 19.438712
463 19.498704
464 21.006752
465 19.567764
466 19.301566
467 19.627395
468 19.373681
469 19.489658
470 19.479789
471 19.136257
472 22.231990
473 21.853123
474 20.588390
475 21.147515
476 19.664635
477 19.557575
478 19.532678
479 19.478036
480 19.632595
481 19.624099
482 19.619159
483 20.013556
484 19.692767
485 20.006483
486 20.002546
487 20.229450
488 19.927305
489 20.089488
490 20.008477
491 20.152566
492 19.994501
493 21.503380
494 20.130625
495 22.654009
496 20.543586
497 21.100086
498 20.810506
499 20.514842
500 20.913458
501 20.515424
502 20.457717
503 20.633395
504 20.260518
505 20.435776
506 20.404587
507 20.750663
508 20.437819
509 20.727180
510 20.748519
511 21.560286
512 22.414592
513 22.610869
514 22.660040
515 22.679577
516 22.901421
517 22.647037
518 25.089208
519 25.209292
520 22.592294
521 22.526630
522 24.820457
523 24.359625
524 22.523576
525 24.334798
526 24.352903
527 24.832028
528 19.677349
529 18.618340
530 18.630173
531 19.074122
532 19.344917
533 19.020291
534 19.052802
535 19.238639
536 22.416525
537 22.644000
538 22.628071
539 23.268777
540 22.656293
541 23.314033
542 23.246225
543 22.980018
544 22.672143
545 23.437502
546 22.867628
547 22.958247
548 22.904537
549 22.933030
550 22.954221
551 23.138203
552 22.980219
553 22.963236
554 22.817103
555 23.399161
556 22.478462
557 23.373773
558 23.358005
559 26.485255
560 20.257312
561 18.788278
562 18.728937
563 19.310323
564 18.876502
565 19.619921
566 20.001574
567 19.661088
568 22.704723
569 26.067606
570 22.902894
571 24.106332
572 22.822083
573 25.295353
574 24.071667
575 23.187426
576 22.921278
577 22.939482
578 22.934062
579 22.689065
580 22.714843
581 22.674066
582 22.719160
583 23.200480
584 22.767551
585 22.737014
586 22.695666
587 24.254218
588 22.719471
589 24.281108
590 24.197122
591 24.482013
592 19.900496
593 18.704170
594 18.739005
595 19.130257
596 18.748003
597 19.207280
598 22.317460
599 19.466154
600 22.329643
601 22.685498
602 22.650161
603 23.959037
604 22.652627
605 24.068742
606 23.983012
607 22.928612
608 22.741232
609 22.921589
610 22.856798
611 23.132162
612 23.004304
613 22.903995
614 22.928923
615 23.166446
616 23.006077
617 22.999644
618 22.959520
619 24.634648
620 22.992341
621 24.499035
622 24.432221
623 24.681256
624 20.054773
625 18.956001
626 18.920364
627 19.401292
628 18.943467
629 19.391545
630 19.410430
631 19.607608
632 22.660541
633 22.943751
634 22.955873
635 24.258036
636 22.946295
637 24.240252
638 24.278895
639 23.136240
640 22.918904
641 23.157549
642 23.118947
643 23.182256
644 23.137863
645 23.099391
646 23.177527
647 23.367462
648 23.215478
649 23.132293
650 23.118948
651 24.704630
652 23.128815
653 24.779319
654 24.710341
655 24.879967
656 20.270778
657 19.213913
658 19.165442
659 19.631213
660 19.176103
661 19.656850
662 19.679062
663 19.877112
664 22.931356
665 23.177126
666 23.176845
667 24.470923
668 23.156829
669 24.465392
670 24.509326
671 23.317999
672 23.129397
673 23.381728
674 23.436681
675 23.360699
676 23.463481
677 23.351523
678 23.458532
679 23.689504
680 23.367933
681 23.439767
682 23.424819
683 24.973462
684 23.382731
685 24.984442
686 24.885247
687 25.192521
688 20.510665
689 19.492793
690 19.423685
691 19.894925
692 19.417913
693 19.860591
694 19.833821
695 20.127759
696 23.144705
697 23.357243
698 23.569941
699 24.952122
700 23.502894
701 24.731309
702 24.735978
703 23.521359
704 23.302881
705 23.619964
706 23.620414
707 23.574088
708 23.575771
709 23.577815
710 23.582875
711 23.799549
712 23.592963
713 23.642325
714 23.593735
715 27.535668
716 23.748724
717 25.318687
718 25.488765
719 25.728132
720 20.960616
721 19.876420
722 19.907268
723 20.468406
724 19.968513
725 20.415387
726 20.433271
727 20.670243
728 23.752922
729 23.561374
730 23.596640
731 24.970897
732 23.552196
733 24.917749
734 24.870970
735 23.803856
736 23.554682
737 23.800992
738 23.796273
739 23.804979
740 27.640935
741 23.821670
742 23.714600
743 23.947706
744 23.806202
745 23.839444
746 23.775965
747 25.345878
748 23.851305
749 25.309109
750 25.608318
751 25.562823
752 20.930079
753 19.826377
754 19.854168
755 20.248306
756 19.887832
757 20.281677
758 20.297347
759 20.541673
760 23.559090
761 23.834915
762 23.731252
763 25.107342
764 23.801883
765 25.071465
766 25.071034
767 24.002779
768 23.797155
769 24.076357
770 24.001696
771 24.063892
772 24.021123
773 24.024369
774 24.033306
775 24.251042
776 24.028376
777 24.039257
778 24.028977
779 25.597598
780 24.049396
781 25.615872
782 25.579164
783 25.819703
784 21.175928
785 20.118373
786 20.160982
787 20.522918
788 20.139202
789 20.531464
790 20.500306
791 20.795959
792 23.879258
793 24.141558
794 24.101633
795 25.391583
796 23.992319
797 25.314609
798 25.479387
799 24.271580
800 24.064474
801 24.302900
802 24.389651
803 24.327685
804 24.347122
805 24.377919
806 24.326533
807 24.628888
808 24.355978
809 24.350448
810 24.378821
811 25.903920
812 24.352813
813 25.945147
814 25.903169
815 26.198641
816 21.526312
817 20.377797
818 20.427350
819 20.901274
820 20.392094
821 20.825874
822 20.792171
823 21.039433
824 24.048473
825 24.359164
826 24.371367
827 26.149098
828 24.268324
829 25.723133
830 25.607306
831 24.590236
832 24.355588
833 24.590907
834 24.594835
835 24.500298
836 24.547005
837 24.607158
838 24.601066
839 24.785630
840 24.654587
841 24.667330
842 24.586659
843 26.127758
844 24.519614
845 26.141774
846 26.132517
847 26.318594
848 21.726176
849 20.630108
850 20.664302
851 21.051876
852 20.596576
853 21.074278
854 21.107019
855 21.330326
856 24.273875
857 24.707706
858 24.644427
859 25.907176
860 24.581449
861 26.014717
862 25.951199
863 24.726160
864 24.549790
865 24.787254
866 24.761577
867 24.774710
868 24.799747
869 24.807071
870 24.869067
871 25.057569
872 24.833952
873 24.844651
874 24.720770
875 26.386722
876 24.775723
877 26.326590
878 26.287427
879 26.519961
880 21.952258
881 20.843908
882 20.820785
883 21.267309
884 20.795788
885 21.293898
886 21.236281
887 21.433168
888 24.544211
889 24.725979
890 24.760284
891 26.139159
892 24.942664
893 26.293608
894 26.158566
895 25.020409
896 24.853247
897 25.004019
898 28.161488
899 25.496920
900 24.973652
901 25.038304
902 24.975205
903 25.240380
904 24.969715
905 24.995323
906 25.013827
907 26.553634
908 24.961099
909 26.514460
910 27.019915
911 29.481673
912 23.630643
913 23.064365
914 21.615188
915 21.855247
916 21.341687
917 21.802599
918 21.829819
919 21.989768
920 25.118342
921 25.328025
922 25.382065
923 26.739190
924 25.389279
925 26.728291
926 26.720615
927 25.541673
928 25.425536
929 25.618026
930 25.570267
931 25.623607
932 25.396042
933 25.516235
934 25.786911
935 25.730436
936 25.444633
937 25.307906
938 25.403175
939 26.972487
940 25.341048
941 26.881065
942 26.858503
943 27.037818
944 22.501143
945 21.281416
946 21.255346
947 21.736576
948 21.291724
949 21.760560
950 21.765209
951 21.914577
952 24.998468
953 25.257473
954 25.262321
955 26.683746
956 25.258955
957 26.729141
958 26.604118
959 25.466492
960 25.195858
961 25.470981
962 25.448489
963 25.612787
964 30.409267
965 25.672598
966 25.450513
967 25.649354
968 25.563043
969 26.075100
970 25.514082
971 27.049551
972 25.486239
973 27.073004
974 27.005878
975 27.253942
976 22.561726
977 21.513218
978 21.537523
979 21.891355
980 21.565646
981 21.985861
982 21.915339
983 22.257298
984 25.289242
985 25.483455
986 25.496559
987 26.879432
988 25.409526
989 26.930197
990 26.920579
991 25.704858
992 25.448920
993 25.782283
994 25.613307
995 25.727090
996 25.725497
997 25.725347
998 25.677477
999 25.894112
1000 25.685893
1001 25.799926
1002 25.808732
1003 27.248412
1004 25.720447
1005 27.291191
1006 27.264562
1007 27.611851
1008 22.905268
1009 21.804703
1010 21.821554
1011 22.243412
1012 22.755879
1013 22.233053
1014 22.220148
1015 22.312902
1016 25.468737
1017 28.228973
1018 25.747948
1019 27.556788
1020 26.077735
1021 27.357265
1022 27.299286
1023 26.145681
1024 25.911875
